1.00, 0.1000, 1921.7197
1.00, 0.1122, 2149.9015
1.00, 0.1259, 2403.0363
1.00, 0.1413, 2686.9407
1.00, 0.1585, 3001.8753
1.00, 0.1778, 3351.8086
1.00, 0.1995, 3739.6363
1.00, 0.2239, 4169.4360
1.00, 0.2512, 517.6728
1.00, 0.2818, 449.9541
1.00, 0.3162, 391.8386
1.00, 0.3548, 341.9594
1.00, 0.3981, 299.1434
1.00, 0.4467, 262.3878
1.00, 0.5012, 230.8247
1.00, 0.5623, 203.7102
1.00, 0.6310, 180.4052
1.00, 0.7079, 160.3597
1.00, 0.7943, 2039.4730
1.00, 0.8913, 128.2096
1.00, 1.0000, 115.3504
1.00, 1.1220, 104.2192
1.00, 1.2589, 94.5603
1.00, 1.4125, 86.1566
1.00, 1.5849, 78.8234
1.00, 1.7783, 72.4058
1.00, 1.9953, 66.7734
1.00, 2.2387, 61.8167
1.00, 2.5119, 57.4449
1.00, 2.8184, 53.5810
1.00, 3.1623, 50.1599
1.00, 3.5481, 47.1281
1.00, 3.9811, 44.4375
1.00, 4.4668, 42.0464
1.00, 5.0119, 39.9177
1.00, 5.6234, 38.0211
1.00, 6.3096, 36.3232
1.00, 7.0795, 34.8010
1.00, 7.9433, 33.4289
1.00, 8.9125, 32.1865
1.00, 10.0000, 31.0570
1.00, 11.2202, 30.0243
1.00, 12.5893, 29.0765
1.00, 14.1254, 28.2017
1.00, 15.8489, 27.3915
1.00, 17.7828, 26.6384
1.00, 19.9526, 25.9343
1.00, 22.3872, 25.2747
1.00, 25.1189, 24.6557
1.00, 28.1838, 24.0719
1.00, 31.6228, 23.5207
1.00, 35.4813, 22.9993
1.00, 39.8107, 22.5024
1.00, 44.6684, 22.0313
1.00, 50.1187, 21.5814
1.00, 56.2341, 21.1526
1.00, 63.0957, 20.7437
1.00, 70.7946, 20.3523
1.00, 79.4328, 19.9760
1.00, 89.1251, 19.6166
1.00, 100.0000, 19.2708
1.00, 112.2018, 18.9403
1.00, 125.8925, 18.6222
1.00, 141.2538, 18.3159
1.00, 158.4893, 18.0230
1.00, 177.8279, 17.7408
1.00, 199.5262, 17.4691
1.00, 223.8721, 17.2092
1.00, 251.1886, 16.9554
1.00, 281.8383, 16.7124
1.00, 316.2278, 16.4817
1.00, 354.8134, 16.2562
1.00, 398.1072, 16.0421
1.00, 446.6836, 15.8328
1.00, 501.1872, 15.6342
1.00, 562.3413, 15.4428
1.00, 630.9573, 15.2558
1.00, 707.9458, 15.0782
1.00, 794.3282, 14.9072
1.00, 891.2509, 14.7425
1.00, 1000.0000, 14.5839
2.00, 0.1000, 1921.7197
2.00, 0.1122, 362.8506
2.00, 0.1259, 313.5104
2.00, 0.1413, 271.0951
2.00, 0.1585, 234.7267
2.00, 0.1778, 203.5160
2.00, 0.1995, 176.7376
2.00, 0.2239, 153.7518
2.00, 0.2512, 134.0301
2.00, 0.2818, 117.1031
2.00, 0.3162, 102.5776
2.00, 0.3548, 1052.1160
2.00, 0.3981, 929.2743
2.00, 0.4467, 70.2313
2.00, 0.5012, 62.3491
2.00, 0.5623, 55.5810
2.00, 0.6310, 49.7680
2.00, 0.7079, 44.7730
2.00, 0.7943, 40.4773
2.00, 0.8913, 36.7802
2.00, 1.0000, 33.5952
2.00, 1.1220, 30.8482
2.00, 1.2589, 28.4761
2.00, 1.4125, 26.4254
2.00, 1.5849, 24.6506
2.00, 1.7783, 23.1135
2.00, 1.9953, 21.7818
2.00, 2.2387, 20.6284
2.00, 2.5119, 19.6302
2.00, 2.8184, 18.7675
2.00, 3.1623, 18.0232
2.00, 3.5481, 17.3828
2.00, 3.9811, 16.8327
2.00, 4.4668, 16.3610
2.00, 5.0119, 15.9567
2.00, 5.6234, 15.6105
2.00, 6.3096, 15.3124
2.00, 7.0795, 15.0552
2.00, 7.9433, 14.8314
2.00, 8.9125, 14.6349
2.00, 10.0000, 14.4608
2.00, 11.2202, 14.3046
2.00, 12.5893, 14.1632
2.00, 14.1254, 14.0334
2.00, 15.8489, 13.9133
2.00, 17.7828, 13.8010
2.00, 19.9526, 13.6950
2.00, 22.3872, 13.5942
2.00, 25.1189, 13.4980
2.00, 28.1838, 13.4054
2.00, 31.6228, 13.3162
2.00, 35.4813, 13.2299
2.00, 39.8107, 13.1455
2.00, 44.6684, 13.0638
2.00, 50.1187, 12.9839
2.00, 56.2341, 12.9061
2.00, 63.0957, 12.8303
2.00, 70.7946, 12.7562
2.00, 79.4328, 12.6835
2.00, 89.1251, 12.6129
2.00, 100.0000, 12.5436
2.00, 112.2018, 12.4765
2.00, 125.8925, 12.4108
2.00, 141.2538, 12.3466
2.00, 158.4893, 12.2844
2.00, 177.8279, 12.2238
2.00, 199.5262, 12.1647
2.00, 223.8721, 12.1077
2.00, 251.1886, 12.0513
2.00, 281.8383, 11.9969
2.00, 316.2278, 11.9449
2.00, 354.8134, 11.8935
2.00, 398.1072, 11.8445
2.00, 446.6836, 11.7962
2.00, 501.1872, 11.7501
2.00, 562.3413, 11.7055
2.00, 630.9573, 11.6616
2.00, 707.9458, 11.6197
2.00, 794.3282, 11.5793
2.00, 891.2509, 11.5401
2.00, 1000.0000, 11.5023
4.00, 0.1000, 109.7070
4.00, 0.1122, 95.3163
4.00, 0.1259, 82.9818
4.00, 0.1413, 72.3786
4.00, 0.1585, 63.2873
4.00, 0.1778, 55.4857
4.00, 0.1995, 48.7925
4.00, 0.2239, 43.0477
4.00, 0.2512, 38.1194
4.00, 0.2818, 33.8903
4.00, 0.3162, 30.2624
4.00, 0.3548, 27.1503
4.00, 0.3981, 24.4810
4.00, 0.4467, 22.1922
4.00, 0.5012, 20.2302
4.00, 0.5623, 18.5488
4.00, 0.6310, 17.1087
4.00, 0.7079, 15.8763
4.00, 0.7943, 14.8225
4.00, 0.8913, 13.9228
4.00, 1.0000, 13.1563
4.00, 1.1220, 12.5054
4.00, 1.2589, 11.9550
4.00, 1.4125, 11.4926
4.00, 1.5849, 11.1074
4.00, 1.7783, 10.7904
4.00, 1.9953, 10.5339
4.00, 2.2387, 10.3313
4.00, 2.5119, 10.1765
4.00, 2.8184, 10.0641
4.00, 3.1623, 9.9891
4.00, 3.5481, 9.9465
4.00, 3.9811, 9.9316
4.00, 4.4668, 9.9397
4.00, 5.0119, 9.9665
4.00, 5.6234, 10.0078
4.00, 6.3096, 10.0597
4.00, 7.0795, 10.1188
4.00, 7.9433, 10.1820
4.00, 8.9125, 10.2470
4.00, 10.0000, 10.3117
4.00, 11.2202, 10.3747
4.00, 12.5893, 10.4348
4.00, 14.1254, 10.4913
4.00, 15.8489, 10.5437
4.00, 17.7828, 10.5917
4.00, 19.9526, 10.6351
4.00, 22.3872, 10.6740
4.00, 25.1189, 10.7086
4.00, 28.1838, 10.7388
4.00, 31.6228, 10.7650
4.00, 35.4813, 10.7875
4.00, 39.8107, 10.8063
4.00, 44.6684, 10.8220
4.00, 50.1187, 10.8346
4.00, 56.2341, 10.8445
4.00, 63.0957, 10.8520
4.00, 70.7946, 10.8572
4.00, 79.4328, 10.8604
4.00, 89.1251, 10.8620
4.00, 100.0000, 10.8619
4.00, 112.2018, 10.8605
4.00, 125.8925, 10.8579
4.00, 141.2538, 10.8542
4.00, 158.4893, 10.8498
4.00, 177.8279, 10.8445
4.00, 199.5262, 10.8386
4.00, 223.8721, 10.8323
4.00, 251.1886, 10.8253
4.00, 281.8383, 10.8180
4.00, 316.2278, 10.8106
4.00, 354.8134, 10.8028
4.00, 398.1072, 10.7951
4.00, 446.6836, 10.7870
4.00, 501.1872, 10.7791
4.00, 562.3413, 10.7712
4.00, 630.9573, 10.7630
4.00, 707.9458, 10.7551
4.00, 794.3282, 10.7473
4.00, 891.2509, 10.7395
4.00, 1000.0000, 10.73198.00, 0.1000, 32.0300
8.00, 0.1122, 28.4327
8.00, 0.1259, 25.3496
8.00, 0.1413, 22.6995
8.00, 0.1585, 20.4275
8.00, 0.1778, 18.4782
8.00, 0.1995, 16.8062
8.00, 0.2239, 15.3717
8.00, 0.2512, 14.1417
8.00, 0.2818, 13.0872
8.00, 0.3162, 12.1836
8.00, 0.3548, 11.4098
8.00, 0.3981, 10.7479
8.00, 0.4467, 10.1825
8.00, 0.5012, 9.7004
8.00, 0.5623, 9.2907
8.00, 0.6310, 8.9439
8.00, 0.7079, 8.6521
8.00, 0.7943, 8.4088
8.00, 0.8913, 8.2084
8.00, 1.0000, 8.0466
8.00, 1.1220, 7.9197
8.00, 1.2589, 7.8248
8.00, 1.4125, 7.7594
8.00, 1.5849, 7.7216
8.00, 1.7783, 7.7096
8.00, 1.9953, 7.7220
8.00, 2.2387, 7.7570
8.00, 2.5119, 7.8131
8.00, 2.8184, 7.8883
8.00, 3.1623, 7.9805
8.00, 3.5481, 8.0874
8.00, 3.9811, 8.2063
8.00, 4.4668, 8.3344
8.00, 5.0119, 8.4689
8.00, 5.6234, 8.6072
8.00, 6.3096, 8.7465
8.00, 7.0795, 8.8847
8.00, 7.9433, 9.0197
8.00, 8.9125, 9.1500
8.00, 10.0000, 9.2744
8.00, 11.2202, 9.3922
8.00, 12.5893, 9.5027
8.00, 14.1254, 9.6058
8.00, 15.8489, 9.7013
8.00, 17.7828, 9.7894
8.00, 19.9526, 9.8702
8.00, 22.3872, 9.9440
8.00, 25.1189, 10.0112
8.00, 28.1838, 10.0722
8.00, 31.6228, 10.1273
8.00, 35.4813, 10.1769
8.00, 39.8107, 10.2215
8.00, 44.6684, 10.2615
8.00, 50.1187, 10.2972
8.00, 56.2341, 10.3291
8.00, 63.0957, 10.3574
8.00, 70.7946, 10.3825
8.00, 79.4328, 10.4047
8.00, 89.1251, 10.4243
8.00, 100.0000, 10.4415
8.00, 112.2018, 10.4565
8.00, 125.8925, 10.4697
8.00, 141.2538, 10.4812
8.00, 158.4893, 10.4911
8.00, 177.8279, 10.4998
8.00, 199.5262, 10.5072
8.00, 223.8721, 10.5135
8.00, 251.1886, 10.5190
8.00, 281.8383, 10.5235
8.00, 316.2278, 10.5274
8.00, 354.8134, 10.5305
8.00, 398.1072, 10.5331
8.00, 446.6836, 10.5351
8.00, 501.1872, 10.5368
8.00, 562.3413, 10.5380
8.00, 630.9573, 10.5389
8.00, 707.9458, 10.5395
8.00, 794.3282, 10.5399
8.00, 891.2509, 10.5400
8.00, 1000.0000, 10.5399
16.00, 0.1000, 12.6107
16.00, 0.1122, 11.7118
16.00, 0.1259, 10.9416
16.00, 0.1413, 10.2797
16.00, 0.1585, 9.7126
16.00, 0.1778, 9.2263
16.00, 0.1995, 8.8096
16.00, 0.2239, 8.4527
16.00, 0.2512, 8.1473
16.00, 0.2818, 7.8864
16.00, 0.3162, 7.6639
16.00, 0.3548, 7.4747
16.00, 0.3981, 7.3146
16.00, 0.4467, 7.1800
16.00, 0.5012, 7.0680
16.00, 0.5623, 6.9762
16.00, 0.6310, 6.9027
16.00, 0.7079, 6.8461
16.00, 0.7943, 6.8054
16.00, 0.8913, 6.7799
16.00, 1.0000, 6.7692
16.00, 1.1220, 6.7733
16.00, 1.2589, 6.7922
16.00, 1.4125, 6.8261
16.00, 1.5849, 6.8751
16.00, 1.7783, 6.9394
16.00, 1.9953, 7.0190
16.00, 2.2387, 7.1135
16.00, 2.5119, 7.2222
16.00, 2.8184, 7.3444
16.00, 3.1623, 7.4784
16.00, 3.5481, 7.6226
16.00, 3.9811, 7.7750
16.00, 4.4668, 7.9331
16.00, 5.0119, 8.0946
16.00, 5.6234, 8.2571
16.00, 6.3096, 8.4184
16.00, 7.0795, 8.5763
16.00, 7.9433, 8.7293
16.00, 8.9125, 8.8760
16.00, 10.0000, 9.0154
16.00, 11.2202, 9.1468
16.00, 12.5893, 9.2702
16.00, 14.1254, 9.3848
16.00, 15.8489, 9.4912
16.00, 17.7828, 9.5893
16.00, 19.9526, 9.6795
16.00, 22.3872, 9.7623
16.00, 25.1189, 9.8377
16.00, 28.1838, 9.9065
16.00, 31.6228, 9.9689
16.00, 35.4813, 10.0254
16.00, 39.8107, 10.0765
16.00, 44.6684, 10.1228
16.00, 50.1187, 10.1644
16.00, 56.2341, 10.2018
16.00, 63.0957, 10.2355
16.00, 70.7946, 10.2656
16.00, 79.4328, 10.2926
16.00, 89.1251, 10.3170
16.00, 100.0000, 10.3385
16.00, 112.2018, 10.3580
16.00, 125.8925, 10.3753
16.00, 141.2538, 10.3901
16.00, 158.4893, 10.4038
16.00, 177.8279, 10.4162
16.00, 199.5262, 10.4265
16.00, 223.8721, 10.4365
16.00, 251.1886, 10.4450
16.00, 281.8383, 10.4530
16.00, 316.2278, 10.4590
16.00, 354.8134, 10.4649
16.00, 398.1072, 10.4703
16.00, 446.6836, 10.4747
16.00, 501.1872, 10.4797
16.00, 562.3413, 10.4823
16.00, 630.9573, 10.4860
16.00, 707.9458, 10.4874
16.00, 794.3282, 10.4920
16.00, 891.2509, 10.4930
16.00, 1000.0000, 10.4949