16.00, 0.1000, 12.6107
16.00, 0.1122, 11.7118
16.00, 0.1259, 10.9416
16.00, 0.1413, 10.2797
16.00, 0.1585, 9.7126
16.00, 0.1778, 9.2263
16.00, 0.1995, 8.8096
16.00, 0.2239, 8.4527
16.00, 0.2512, 8.1473
16.00, 0.2818, 7.8864
16.00, 0.3162, 7.6639
16.00, 0.3548, 7.4747
16.00, 0.3981, 7.3146
16.00, 0.4467, 7.1800
16.00, 0.5012, 7.0680
16.00, 0.5623, 6.9762
16.00, 0.6310, 6.9027
16.00, 0.7079, 6.8461
16.00, 0.7943, 6.8054
16.00, 0.8913, 6.7799
16.00, 1.0000, 6.7692
16.00, 1.1220, 6.7733
16.00, 1.2589, 6.7922
16.00, 1.4125, 6.8261
16.00, 1.5849, 6.8751
16.00, 1.7783, 6.9394
16.00, 1.9953, 7.0190
16.00, 2.2387, 7.1134
16.00, 2.5119, 7.2222
16.00, 2.8184, 7.3443
16.00, 3.1623, 7.4784
16.00, 3.5481, 7.6226
16.00, 3.9811, 7.7749
16.00, 4.4668, 7.9330
16.00, 5.0119, 8.0945
16.00, 5.6234, 8.2570
16.00, 6.3096, 8.4182
16.00, 7.0795, 8.5761
16.00, 7.9433, 8.7291
16.00, 8.9125, 8.8758
16.00, 10.0000, 9.0151
16.00, 11.2202, 9.1466
16.00, 12.5893, 9.2697
16.00, 14.1254, 9.3844
16.00, 15.8489, 9.4907
16.00, 17.7828, 9.5888
16.00, 19.9526, 9.6789
16.00, 22.3872, 9.7615
16.00, 25.1189, 9.8369
16.00, 28.1838, 9.9055
16.00, 31.6228, 9.9678
16.00, 35.4813, 10.0243
16.00, 39.8107, 10.0753
16.00, 44.6684, 10.1214
16.00, 50.1187, 10.1629
16.00, 56.2341, 10.2002
16.00, 63.0957, 10.2337
16.00, 70.7946, 10.2638
16.00, 79.4328, 10.2907
16.00, 89.1251, 10.3148
16.00, 100.0000, 10.3363
16.00, 112.2018, 10.3555
16.00, 125.8925, 10.3726
16.00, 141.2538, 10.3879
16.00, 158.4893, 10.4014
16.00, 177.8279, 10.4135
16.00, 199.5262, 10.4242
16.00, 223.8721, 10.4337
16.00, 251.1886, 10.4421
16.00, 281.8383, 10.4496
16.00, 316.2278, 10.4562
16.00, 354.8134, 10.4620
16.00, 398.1072, 10.4672
16.00, 446.6836, 10.4717
16.00, 501.1872, 10.4757
16.00, 562.3413, 10.4792
16.00, 630.9573, 10.4822
16.00, 707.9458, 10.4849
16.00, 794.3282, 10.4873
16.00, 891.2509, 10.4893
16.00, 1000.0000, 10.4911
