 100.00, 0.10, -1264.9813, 27294.0313, 27383.3213, 27383.3059, 27474.9040
 100.00, 0.11, -965.2800, 19036.6442, 19116.6787, 19118.1349, 19198.4514
 100.00, 0.12, -754.4908, 13713.9342, 13785.9025, 13788.2529, 13859.3408
 100.00, 0.13, -601.7583, 10153.3866, 10218.2874, 10221.1675, 10284.5358
 100.00, 0.14, -488.2127, 7694.2668, 7753.0418, 7756.2271, 7813.1176
 100.00, 0.15, -401.9290, 5948.9895, 6002.4643, 6005.8130, 6057.2316
 100.00, 0.16, -335.0722, 4679.9987, 4728.9458, 4732.3794, 4779.1950
 100.00, 0.17, -282.4414, 3739.2147, 3784.1964, 3787.6492, 3830.4981
 100.00, 0.18, -240.3798, 3028.6234, 3070.1583, 3073.5942, 3113.0328
 100.00, 0.19, -206.3190, 2483.1500, 2521.6850, 2525.0835, 2561.5781
 100.00, 0.20, -178.4199, 2058.5979, 2094.4922, 2097.8362, 2131.7609
 100.00, 0.21, -155.3186, 1723.7749, 1757.3493, 1760.6319, 1792.3117
 100.00, 0.22, -136.0091, 1456.7599, 1488.2769, 1491.4915, 1521.1926
 100.00, 0.23, -119.7197, 1241.4519, 1271.1543, 1274.3022, 1302.2630
 100.00, 0.24, -105.8682, 1066.2462, 1094.3357, 1097.4173, 1123.8366
 100.00, 0.25, -94.0027, 922.4918, 949.1370, 952.1521, 977.1969
 100.00, 0.26, -83.7680, 803.6592, 829.0021, 831.9496, 855.7616
 100.00, 0.27, -74.8761, 704.6108, 728.7934, 731.6787, 754.3927
 100.00, 0.28, -67.1033, 621.5375, 644.6813, 647.5086, 669.2403
 100.00, 0.29, -60.2689, 551.4711, 573.6803, 576.4528, 597.3022
 100.00, 0.30, -54.2307, 492.1993, 513.5441, 516.2578, 536.3001
 100.00, 0.31, -48.8578, 441.6215, 462.2005, 464.8638, 484.1873
 100.00, 0.32, -44.0517, 398.2842, 418.1840, 420.8045, 439.4868
 100.00, 0.33, -39.7342, 361.1181, 380.3971, 382.9751, 401.0746
 100.00, 0.34, -35.8354, 329.1595, 347.8689, 350.4044, 367.9730
 100.00, 0.35, -32.2937, 301.5340, 319.7362, 322.2347, 339.3285
 100.00, 0.36, -29.0599, 277.6126, 295.3637, 297.8303, 314.4997
 100.00, 0.37, -26.0946, 256.9605, 274.2944, 276.7277, 293.0094
 100.00, 0.38, -23.3589, 239.0616, 256.0249, 258.4290, 274.3650
 100.00, 0.39, -20.8215, 223.5634, 240.1984, 242.5771, 258.2060
 100.00, 0.40, -18.4570, 210.2469, 226.5769, 228.9278, 244.2768
 100.00, 0.41, -16.2379, 198.7195, 214.7964, 217.1286, 232.2389
 100.00, 0.42, -14.1464, 188.9254, 204.7672, 207.0778, 221.9722
 100.00, 0.43, -12.1607, 180.5565, 196.2100, 198.5074, 213.2228
 100.00, 0.44, -10.2664, 173.6136, 189.0931, 191.3742, 205.9302
 100.00, 0.45, -8.4459, 167.8501, 183.1987, 185.4715, 199.9017
 100.00, 0.46, -6.6868, 163.3085, 178.5381, 180.7991, 195.1208
 100.00, 0.47, -4.9748, 159.8521, 174.9885, 177.2398, 191.4773
 100.00, 0.48, -3.2973, 157.3649, 172.4481, 174.6973, 188.8815
 100.00, 0.49, -1.6430, 155.9379, 170.9774, 173.2210, 187.3674
 100.00, 0.50, 0.0000, 155.4224, 170.4573, 172.7027, 186.8415
 50.00, 0.10, -1238.4611, 26673.9589, 26731.0352, 26726.1247, 26792.3457
 50.00, 0.11, -945.1111, 18613.7711, 18668.3531, 18665.7467, 18726.0595
 50.00, 0.12, -738.8529, 13417.9234, 13469.3775, 13468.3214, 13523.3021
 50.00, 0.13, -589.3563, 9939.4613, 9987.6406, 9987.6461, 10037.9030
 50.00, 0.14, -478.2206, 7536.2766, 7581.2161, 7581.9502, 7628.0090
 50.00, 0.15, -393.7450, 5829.5248, 5871.4303, 5872.6729, 5915.0544
 50.00, 0.16, -328.3089, 4588.7046, 4627.8120, 4629.4092, 4668.5600
 50.00, 0.17, -276.7793, 3668.1159, 3704.6571, 3706.4982, 3742.7950
 50.00, 0.18, -235.5868, 2972.3481, 3006.5799, 3008.5917, 3042.3850
 50.00, 0.19, -202.2371, 2438.3125, 2470.4451, 2472.5697, 2504.1395
 50.00, 0.20, -174.9089, 2022.3118, 2052.5612, 2054.7613, 2084.3673
 50.00, 0.21, -152.2831, 1694.2402, 1722.7843, 1725.0292, 1752.8837
 50.00, 0.22, -133.3690, 1432.5235, 1459.5224, 1461.7894, 1488.0772
 50.00, 0.23, -117.4077, 1221.3375, 1246.9612, 1249.2403, 1274.1409
 50.00, 0.24, -103.8391, 1049.5542, 1073.9221, 1076.1984, 1099.8465
 50.00, 0.25, -92.2121, 908.5096, 931.7442, 934.0105, 956.5351
 50.00, 0.26, -82.1799, 791.8367, 814.0417, 816.2914, 837.8025
 50.00, 0.27, -73.4616, 694.5285, 715.8129, 718.0461, 738.6509
 50.00, 0.28, -65.8443, 612.9973, 633.4347, 635.6451, 655.4240
 50.00, 0.29, -59.1447, 544.1906, 563.8635, 566.0508, 585.0853
 50.00, 0.30, -53.2193, 485.8307, 504.8104, 506.9743, 525.3356
 50.00, 0.31, -47.9480, 436.0576, 454.4153, 456.5582, 474.3141
 50.00, 0.32, -43.2378, 393.5383, 411.3191, 413.4370, 430.6373
 50.00, 0.33, -39.0034, 357.0069, 374.2670, 376.3617, 393.0604
 50.00, 0.34, -35.1773, 325.5309, 342.3204, 344.3932, 360.6385
 50.00, 0.35, -31.7025, 298.3508, 314.7140, 316.7661, 332.6012
 50.00, 0.36, -28.5306, 274.8445, 290.8212, 292.8534, 308.3176
 50.00, 0.37, -25.6202, 254.5006, 270.1267, 272.1394, 287.2681
 50.00, 0.38, -22.9347, 236.8595, 252.1748, 254.1713, 269.0010
 50.00, 0.39, -20.4445, 221.6118, 236.6455, 238.6257, 253.1859
 50.00, 0.40, -18.1229, 208.4673, 223.2457, 225.2095, 239.5275
 50.00, 0.41, -15.9445, 197.1171, 211.6793, 213.6318, 227.7407
 50.00, 0.42, -13.8905, 187.4330, 201.8008, 203.7416, 217.6647
 50.00, 0.43, -11.9421, 179.2491, 193.4431, 195.3714, 209.1305
 50.00, 0.44, -10.0814, 172.3658, 186.4191, 188.3398, 201.9631
 50.00, 0.45, -8.2945, 166.7377, 180.6681, 182.5801, 196.0871
 50.00, 0.46, -6.5668, 162.2447, 176.0759, 177.9809, 191.3941
 50.00, 0.47, -4.8855, 158.8181, 172.5731, 174.4728, 187.8136
 50.00, 0.48, -3.2383, 156.4063, 170.1072, 172.0031, 185.2928
 50.00, 0.49, -1.6136, 154.9733, 168.6420, 170.5357, 183.7947
 50.00, 0.50, 0.0000, 154.4979, 168.1559, 170.0489, 183.2978
 10.00, 0.10, -1130.0750, 24041.3269, 24067.5568, 24073.4097, 24089.3161
 10.00, 0.11, -858.8103, 16738.1845, 16760.3391, 16764.2163, 16778.8299
 10.00, 0.12, -668.9715, 12047.7961, 12067.2815, 12069.8259, 12083.7425
 10.00, 0.13, -531.9716, 8917.4621, 8935.1141, 8936.7552, 8950.2627
 10.00, 0.14, -430.4899, 6759.2357, 6775.5651, 6776.5937, 6789.8289
 10.00, 0.15, -353.6235, 5229.4010, 5244.7277, 5245.3444, 5258.3649
 10.00, 0.16, -294.2654, 4118.6914, 4133.2204, 4133.5646, 4146.3894
 10.00, 0.17, -247.6453, 3295.2457, 3309.1119, 3309.2804, 3321.9111
 10.00, 0.18, -210.4745, 2673.3780, 2686.6745, 2686.7343, 2699.1693
 10.00, 0.19, -180.4433, 2196.0899, 2208.8802, 2208.8781, 2221.1102
 10.00, 0.20, -155.8863, 1824.3755, 1836.7073, 1836.6752, 1848.7011
 10.00, 0.21, -135.5898, 1531.1386, 1543.0461, 1543.0059, 1554.8210
 10.00, 0.22, -118.6458, 1297.0380, 1308.5513, 1308.5171, 1320.1233
 10.00, 0.23, -104.3739, 1108.1891, 1119.3317, 1119.3129, 1130.7117
 10.00, 0.24, -92.2517, 954.3644, 965.1581, 965.1603, 976.3565
 10.00, 0.25, -81.8773, 828.0032, 838.4654, 838.4916, 849.4887
 10.00, 0.26, -72.9344, 723.3762, 733.5237, 733.5750, 744.3786
 10.00, 0.27, -65.1728, 636.1122, 645.9616, 646.0382, 656.6558
 10.00, 0.28, -58.3937, 562.8611, 572.4279, 572.5290, 582.9682
 10.00, 0.29, -52.4358, 500.9929, 510.2941, 510.4189, 520.6894
 10.00, 0.30, -47.1710, 448.4965, 457.5443, 457.6908, 467.7986
 10.00, 0.31, -42.4908, 403.7062, 412.5173, 412.6842, 422.6399
 10.00, 0.32, -38.3088, 365.3581, 373.9450, 374.1301, 383.9410
 10.00, 0.33, -34.5520, 332.4033, 340.7788, 340.9802, 350.6542
 10.00, 0.34, -31.1582, 303.9769, 312.1571, 312.3737, 321.9213
 10.00, 0.35, -28.0774, 279.4173, 287.4145, 287.6444, 297.0734
 10.00, 0.36, -25.2664, 258.1691, 265.9943, 266.2352, 275.5525
 10.00, 0.37, -22.6866, 239.7350, 247.4050, 247.6569, 256.8735
 10.00, 0.38, -20.3081, 223.7806, 231.3041, 231.5644, 240.6860
 10.00, 0.39, -18.1021, 209.9554, 217.3473, 217.6155, 226.6517
 10.00, 0.40, -16.0453, 198.0150, 205.2869, 205.5618, 214.5201
 10.00, 0.41, -14.1166, 187.7336, 194.8986, 195.1797, 204.0687
 10.00, 0.42, -12.2979, 178.9459, 186.0143, 186.3000, 195.1264
 10.00, 0.43, -10.5721, 171.4819, 178.4679, 178.7585, 187.5313
 10.00, 0.44, -8.9250, 165.2441, 172.1568, 172.4506, 181.1760
 10.00, 0.45, -7.3430, 160.1227, 166.9731, 167.2692, 175.9542
 10.00, 0.46, -5.8133, 156.0277, 162.8287, 163.1272, 171.7801
 10.00, 0.47, -4.3249, 152.9086, 159.6703, 159.9703, 168.5979
 10.00, 0.48, -2.8667, 150.7081, 157.4430, 157.7445, 166.3546
 10.00, 0.49, -1.4284, 149.4047, 156.1227, 156.4247, 165.0238
 10.00, 0.50, -0.0000, 148.9688, 155.6819, 155.9844, 164.5803
