0.10, 0.10, -897.30, 29877.26, 26740.17, 26895.78, 29677.85
0.10, 0.11, -671.86, 20737.93, 18462.22, 18565.00, 20460.68
0.10, 0.12, -515.75, 14894.17, 13188.50, 13259.13, 14597.18
0.10, 0.13, -404.28, 11009.91, 9696.11, 9746.50, 10719.71
0.10, 0.14, -322.58, 8342.02, 7306.42, 7343.71, 8070.18
0.10, 0.15, -261.36, 6457.36, 5624.76, 5653.39, 6208.15
0.10, 0.16, -214.58, 5093.13, 4412.25, 4435.04, 4867.33
0.10, 0.17, -178.23, 4084.32, 3519.20, 3538.02, 3881.04
0.10, 0.18, -149.56, 3324.15, 2849.01, 2865.09, 3141.78
0.10, 0.19, -126.64, 2741.66, 2337.59, 2351.79, 2578.36
0.10, 0.20, -108.09, 2288.57, 1941.48, 1954.39, 2142.49
0.10, 0.21, -92.93, 1931.35, 1630.55, 1642.58, 1800.74
0.10, 0.22, -80.40, 1646.26, 1383.51, 1394.95, 1529.54
0.10, 0.23, -69.96, 1416.20, 1185.07, 1196.14, 1311.94
0.10, 0.24, -61.19, 1228.67, 1024.07, 1034.92, 1135.60
0.10, 0.25, -53.77, 1074.39, 892.27, 903.02, 991.40
0.10, 0.26, -47.43, 946.41, 783.48, 794.20, 872.51
0.10, 0.27, -41.99, 839.42, 693.00, 703.75, 773.74
0.10, 0.28, -37.29, 749.35, 617.23, 628.06, 691.13
0.10, 0.29, -33.20, 673.04, 553.40, 564.34, 621.61
0.10, 0.30, -29.62, 608.02, 499.31, 510.39, 562.77
0.10, 0.31, -26.48, 552.33, 453.26, 464.48, 512.73
0.10, 0.32, -23.70, 504.42, 413.87, 425.26, 469.99
0.10, 0.33, -21.23, 463.03, 380.06, 391.62, 433.35
0.10, 0.34, -19.02, 427.17, 350.94, 362.67, 401.83
0.10, 0.35, -17.03, 396.00, 325.80, 337.70, 374.66
0.10, 0.36, -15.24, 368.86, 304.05, 316.14, 351.19
0.10, 0.37, -13.61, 345.21, 285.23, 297.49, 330.91
0.10, 0.38, -12.12, 324.59, 268.94, 281.36, 313.38
0.10, 0.39, -10.76, 306.63, 254.84, 267.44, 298.25
0.10, 0.40, -9.50, 291.03, 242.69, 255.44, 285.23
0.10, 0.41, -8.32, 277.54, 232.25, 245.16, 274.07
0.10, 0.42, -7.23, 265.93, 223.34, 236.40, 264.58
0.10, 0.43, -6.19, 256.05, 215.82, 229.02, 256.58
0.10, 0.44, -5.22, 247.74, 209.54, 222.89, 249.96
0.10, 0.45, -4.28, 240.90, 204.43, 217.91, 244.59
0.10, 0.46, -3.38, 235.42, 200.39, 214.00, 240.38
0.10, 0.47, -2.51, 231.25, 197.36, 211.10, 237.28
0.10, 0.48, -1.66, 228.32, 195.30, 209.15, 235.23
0.10, 0.49, -0.83, 226.60, 194.18, 208.13, 234.20
0.10, 0.50, 0.00, 226.07, 193.96, 208.03, 234.16
0.23, 0.10, -905.55, 22263.90, 18768.11, 21809.33, 32285.41
0.23, 0.11, -678.37, 15467.45, 13013.66, 15081.83, 22165.37
0.23, 0.12, -521.01, 11119.64, 9335.71, 10791.55, 15749.52
0.23, 0.13, -408.61, 8228.27, 6892.35, 7947.64, 11520.97
0.23, 0.14, -326.20, 6241.22, 5215.27, 5999.86, 8640.94
0.23, 0.15, -264.43, 4836.67, 4031.47, 4627.95, 6623.36
0.23, 0.16, -217.21, 3819.31, 3175.37, 3637.90, 5175.04
0.23, 0.17, -180.51, 3066.48, 2542.97, 2908.10, 4112.90
0.23, 0.18, -151.55, 2498.77, 2067.01, 2359.98, 3319.13
0.23, 0.19, -128.39, 2063.40, 1702.79, 1941.40, 2715.90
0.23, 0.20, -109.64, 1724.47, 1419.90, 1616.97, 2250.53
0.23, 0.21, -94.31, 1457.01, 1197.23, 1362.12, 1886.65
0.23, 0.22, -81.64, 1243.36, 1019.85, 1159.52, 1598.63
0.23, 0.23, -71.08, 1070.77, 876.99, 996.69, 1368.14
0.23, 0.24, -62.20, 929.95, 760.80, 864.51, 1181.82
0.23, 0.25, -54.67, 813.98, 665.44, 756.26, 1029.83
0.23, 0.26, -48.25, 717.67, 586.54, 666.88, 904.82
0.23, 0.27, -42.74, 637.06, 520.76, 592.52, 801.21
0.23, 0.28, -37.97, 569.13, 465.57, 530.24, 714.74
0.23, 0.29, -33.82, 511.51, 418.97, 477.77, 642.14
0.23, 0.30, -30.19, 462.35, 379.41, 433.32, 580.84
0.23, 0.31, -27.00, 420.20, 345.66, 395.48, 528.82
0.23, 0.32, -24.17, 383.89, 316.75, 363.12, 484.49
0.23, 0.33, -21.66, 352.49, 291.89, 335.37, 446.57
0.23, 0.34, -19.41, 325.25, 270.46, 311.48, 414.03
0.23, 0.35, -17.39, 301.55, 251.93, 290.88, 386.04
0.23, 0.36, -15.56, 280.89, 235.90, 273.09, 361.94
0.23, 0.37, -13.91, 262.86, 222.02, 257.71, 341.16
0.23, 0.38, -12.39, 247.14, 209.99, 244.42, 323.26
0.23, 0.39, -11.00, 233.43, 199.60, 232.96, 307.86
0.23, 0.40, -9.71, 221.52, 190.65, 223.11, 294.67
0.23, 0.41, -8.51, 211.20, 182.97, 214.68, 283.41
0.23, 0.42, -7.39, 202.33, 176.44, 207.53, 273.90
0.23, 0.43, -6.34, 194.77, 170.94, 201.53, 265.94
0.23, 0.44, -5.34, 188.42, 166.40, 196.58, 259.42
0.23, 0.45, -4.38, 183.20, 162.72, 192.59, 254.20
0.23, 0.46, -3.46, 179.02, 159.86, 189.51, 250.21
0.23, 0.47, -2.57, 175.85, 157.78, 187.27, 247.37
0.23, 0.48, -1.70, 173.64, 156.43, 185.85, 245.64
0.23, 0.49, -0.85, 172.37, 155.79, 185.22, 244.98
0.23, 0.50, 0.00, 172.01, 155.87, 185.36, 245.37
0.52, 0.10, -924.35, 19101.62, 19520.47, 20581.70, 20028.95
0.52, 0.11, -693.14, 13321.87, 13502.55, 14174.36, 13739.35
0.52, 0.12, -532.90, 9611.28, 9663.38, 10101.95, 9754.12
0.52, 0.13, -418.36, 7135.21, 7117.51, 7411.22, 7129.06
0.52, 0.14, -334.34, 5428.04, 5373.11, 5574.12, 5342.23
0.52, 0.15, -271.31, 4217.60, 4143.90, 4284.07, 4091.24
0.52, 0.16, -223.10, 3338.29, 3256.42, 3355.83, 3193.78
0.52, 0.17, -185.60, 2685.81, 2601.93, 2673.54, 2536.03
0.52, 0.18, -155.98, 2192.51, 2110.12, 2162.51, 2044.80
0.52, 0.19, -132.28, 1813.30, 1734.35, 1773.29, 1671.73
0.52, 0.20, -113.09, 1517.42, 1442.95, 1472.40, 1384.13
0.52, 0.21, -97.37, 1283.45, 1213.93, 1236.64, 1159.40
0.52, 0.22, -84.38, 1096.19, 1031.75, 1049.66, 981.67
0.52, 0.23, -73.53, 944.66, 885.25, 899.74, 839.54
0.52, 0.24, -64.41, 820.82, 766.26, 778.32, 724.75
0.52, 0.25, -56.67, 718.68, 668.75, 679.10, 631.20
0.52, 0.26, -50.06, 633.75, 588.18, 597.35, 554.32
0.52, 0.27, -44.38, 562.59, 521.11, 529.48, 490.66
0.52, 0.28, -39.46, 502.56, 464.91, 472.76, 437.61
0.52, 0.29, -35.18, 451.59, 417.52, 425.06, 393.11
0.52, 0.30, -31.43, 408.09, 377.34, 384.73, 355.59
0.52, 0.31, -28.13, 370.77, 343.11, 350.46, 323.81
0.52, 0.32, -25.21, 338.61, 313.83, 321.22, 296.76
0.52, 0.33, -22.60, 310.79, 288.69, 296.18, 273.67
0.52, 0.34, -20.27, 286.65, 267.04, 274.67, 253.90
0.52, 0.35, -18.17, 265.65, 248.36, 256.15, 236.95
0.52, 0.36, -16.27, 247.35, 232.22, 240.19, 222.39
0.52, 0.37, -14.55, 231.40, 218.26, 226.42, 209.89
0.52, 0.38, -12.97, 217.49, 206.19, 214.55, 199.16
0.52, 0.39, -11.52, 205.37, 195.79, 204.33, 189.99
0.52, 0.40, -10.17, 194.85, 186.84, 195.57, 182.18
0.52, 0.41, -8.92, 185.76, 179.19, 188.09, 175.57
0.52, 0.42, -7.75, 177.95, 172.70, 181.77, 170.05
0.52, 0.43, -6.65, 171.32, 167.27, 176.49, 165.50
0.52, 0.44, -5.60, 165.76, 162.79, 172.15, 161.85
0.52, 0.45, -4.60, 161.21, 159.20, 168.69, 159.01
0.52, 0.46, -3.64, 157.59, 156.44, 166.04, 156.95
0.52, 0.47, -2.70, 154.88, 154.47, 164.15, 155.62
0.52, 0.48, -1.79, 153.02, 153.25, 163.01, 155.00
0.52, 0.49, -0.89, 152.00, 152.75, 162.57, 155.06
0.52, 0.50, 0.00, 151.80, 152.98, 162.83, 155.79
1.18, 0.10, -961.01, 21589.07, 20575.48, 20807.16, 20167.06
1.18, 0.11, -721.84, 14974.05, 14206.98, 14368.65, 13912.08
1.18, 0.12, -555.93, 10744.50, 10147.84, 10266.45, 9929.29
1.18, 0.13, -437.24, 7933.38, 7458.61, 7549.56, 7293.27
1.18, 0.14, -350.06, 6002.79, 5617.75, 5690.27, 5490.63
1.18, 0.15, -284.60, 4639.19, 4321.84, 4381.67, 4222.87
1.18, 0.16, -234.47, 3652.34, 3387.16, 3438.01, 3309.39
1.18, 0.17, -195.42, 2922.79, 2698.55, 2742.89, 2637.06
1.18, 0.18, -164.55, 2373.24, 2181.64, 2221.17, 2132.88
1.18, 0.19, -139.81, 1952.30, 1787.12, 1823.01, 1748.46
1.18, 0.20, -119.74, 1625.03, 1481.51, 1514.62, 1450.97
1.18, 0.21, -103.29, 1367.15, 1241.59, 1272.52, 1217.65
1.18, 0.22, -89.66, 1161.47, 1050.95, 1080.19, 1032.46
1.18, 0.23, -78.28, 995.62, 897.82, 925.70, 883.86
1.18, 0.24, -68.68, 860.54, 773.60, 800.38, 763.44
1.18, 0.25, -60.53, 749.52, 671.91, 697.81, 664.98
1.18, 0.26, -53.56, 657.51, 587.98, 613.17, 583.81
1.18, 0.27, -47.56, 580.69, 518.20, 542.81, 516.40
1.18, 0.28, -42.35, 516.09, 459.78, 483.92, 460.04
1.18, 0.29, -37.82, 461.45, 410.58, 433.96, 412.73
1.18, 0.30, -33.83, 414.96, 368.91, 391.99, 372.63
1.18, 0.31, -30.32, 375.21, 333.45, 356.28, 338.55
1.18, 0.32, -27.20, 341.06, 303.14, 325.78, 309.48
1.18, 0.33, -24.42, 311.63, 277.14, 299.62, 284.58
1.18, 0.34, -21.93, 286.17, 254.77, 277.12, 263.19
1.18, 0.35, -19.68, 264.09, 235.48, 257.73, 244.79
1.18, 0.36, -17.65, 244.92, 218.81, 240.99, 228.92
1.18, 0.37, -15.79, 228.24, 204.40, 226.53, 215.25
1.18, 0.38, -14.09, 213.74, 191.95, 214.04, 203.46
1.18, 0.39, -12.52, 201.15, 181.21, 203.27, 193.33
1.18, 0.40, -11.07, 190.24, 171.96, 194.01, 184.64
1.18, 0.41, -9.72, 180.83, 164.05, 186.10, 177.25
1.18, 0.42, -8.45, 172.76, 157.32, 179.38, 171.00
1.18, 0.43, -7.25, 165.91, 151.66, 173.74, 165.79
1.18, 0.44, -6.11, 160.18, 146.99, 169.09, 161.52
1.18, 0.45, -5.02, 155.48, 143.21, 165.35, 158.13
1.18, 0.46, -3.97, 151.75, 140.28, 162.44, 155.55
1.18, 0.47, -2.95, 148.92, 138.13, 160.34, 153.74
1.18, 0.48, -1.95, 146.97, 136.74, 159.00, 152.67
1.18, 0.49, -0.97, 145.87, 136.09, 158.39, 152.31
1.18, 0.50, 0.00, 145.60, 136.15, 158.51, 152.66
2.68, 0.10, -1028.40, 22276.68, 21447.50, 21559.99, 21386.59
2.68, 0.11, -773.06, 15424.61, 14782.39, 14881.26, 14733.40
2.68, 0.12, -596.41, 11054.42, 10547.81, 10635.01, 10510.28
2.68, 0.13, -470.11, 8153.55, 7746.73, 7824.22, 7718.65
2.68, 0.14, -377.32, 6162.83, 5830.81, 5900.27, 5810.21
2.68, 0.15, -307.57, 4757.43, 4482.52, 4545.37, 4467.83
2.68, 0.16, -254.09, 3740.69, 3510.16, 3567.52, 3500.13
2.68, 0.17, -212.36, 2989.28, 2793.76, 2846.55, 2787.46
2.68, 0.18, -179.32, 2423.42, 2255.93, 2304.87, 2252.63
2.68, 0.19, -152.78, 1990.13, 1845.35, 1891.06, 1844.51
2.68, 0.20, -131.22, 1653.39, 1527.24, 1570.18, 1528.42
2.68, 0.21, -113.50, 1388.16, 1277.45, 1318.04, 1280.32
2.68, 0.22, -98.79, 1176.74, 1078.93, 1117.50, 1083.23
2.68, 0.23, -86.47, 1006.35, 919.44, 956.26, 924.95
2.68, 0.24, -76.07, 867.68, 790.04, 825.34, 796.59
2.68, 0.25, -67.21, 753.80, 684.09, 718.07, 691.55
2.68, 0.26, -59.62, 659.51, 596.64, 629.48, 604.90
2.68, 0.27, -53.06, 580.86, 523.93, 555.75, 532.89
2.68, 0.28, -47.36, 514.82, 463.05, 493.99, 472.64
2.68, 0.29, -42.38, 459.01, 411.78, 441.94, 421.92
2.68, 0.30, -37.99, 411.60, 368.36, 397.83, 379.00
2.68, 0.31, -34.12, 371.12, 331.40, 360.27, 342.51
2.68, 0.32, -30.67, 336.40, 299.81, 328.15, 311.34
2.68, 0.33, -27.58, 306.52, 272.71, 300.58, 284.62
2.68, 0.34, -24.81, 280.72, 249.39, 276.84, 261.66
2.68, 0.35, -22.31, 258.39, 229.26, 256.36, 241.87
2.68, 0.36, -20.03, 239.03, 211.88, 238.65, 224.80
2.68, 0.37, -17.95, 222.22, 196.84, 223.33, 210.05
2.68, 0.38, -16.03, 207.63, 183.83, 210.09, 197.33
2.68, 0.39, -14.27, 194.97, 172.59, 198.64, 186.35
2.68, 0.40, -12.63, 184.03, 162.91, 183.47, 180.28
2.68, 0.41, -11.09, 174.59, 154.61, 175.11, 172.14
2.68, 0.42, -9.65, 166.52, 147.53, 167.99, 165.24
2.68, 0.43, -8.29, 159.66, 141.56, 161.99, 159.45
2.68, 0.44, -6.99, 153.92, 136.60, 157.01, 154.66
2.68, 0.45, -5.75, 149.21, 132.56, 152.97, 150.80
2.68, 0.46, -4.55, 145.46, 129.39, 149.79, 147.81
2.68, 0.47, -3.38, 142.60, 127.03, 147.43, 145.63
2.68, 0.48, -2.24, 140.61, 125.43, 145.86, 144.23
2.68, 0.49, -1.12, 139.45, 124.59, 145.04, 143.58
2.68, 0.50, 0.00, 139.11, 124.48, 144.97, 143.68
6.11, 0.10, -1093.92, 23386.02, 22884.96, 22943.13, 22907.70
6.11, 0.11, -828.37, 16237.85, 15858.27, 15911.03, 15867.40
6.11, 0.12, -643.09, 11659.18, 11364.73, 11412.90, 11366.24
6.11, 0.13, -509.78, 8610.89, 8377.93, 8422.18, 8375.27
6.11, 0.14, -411.32, 6514.14, 6326.75, 6367.60, 6321.89
6.11, 0.15, -336.96, 5031.00, 4878.12, 4916.03, 4872.22
6.11, 0.16, -279.69, 3956.23, 3829.95, 3865.30, 3823.71
6.11, 0.17, -234.82, 3160.78, 3055.35, 3088.45, 3049.15
6.11, 0.18, -199.14, 2561.04, 2472.17, 2503.30, 2466.25
6.11, 0.19, -170.38, 2101.36, 2025.82, 2055.20, 2020.29
6.11, 0.20, -146.92, 1743.81, 1679.10, 1706.94, 1674.03
6.11, 0.21, -127.57, 1462.04, 1406.23, 1432.70, 1401.64
6.11, 0.22, -111.44, 1237.34, 1188.90, 1214.14, 1184.79
6.11, 0.23, -97.89, 1056.22, 1013.94, 1038.09, 1010.30
6.11, 0.24, -86.40, 908.83, 871.72, 894.88, 868.53
6.11, 0.25, -76.58, 787.81, 755.08, 777.36, 752.31
6.11, 0.26, -68.14, 687.66, 658.66, 680.14, 656.28
6.11, 0.27, -60.82, 604.17, 578.36, 599.13, 576.36
6.11, 0.28, -54.44, 534.12, 511.04, 531.16, 509.39
6.11, 0.29, -48.84, 474.99, 454.28, 473.80, 452.94
6.11, 0.30, -43.89, 424.81, 406.14, 425.14, 405.11
6.11, 0.31, -39.51, 382.02, 365.14, 383.65, 364.38
6.11, 0.32, -35.59, 345.38, 330.05, 348.12, 329.55
6.11, 0.33, -32.08, 313.89, 299.92, 317.59, 299.66
6.11, 0.34, -28.91, 286.75, 273.97, 291.27, 273.92
6.11, 0.35, -26.04, 263.30, 251.55, 268.53, 251.72
6.11, 0.36, -23.42, 243.00, 232.17, 248.85, 232.52
6.11, 0.37, -21.02, 225.41, 215.38, 231.80, 215.92
6.11, 0.38, -18.80, 210.16, 200.85, 217.02, 201.55
6.11, 0.39, -16.75, 196.97, 188.27, 204.23, 189.13
6.11, 0.40, -14.85, 185.57, 177.42, 193.19, 178.43
6.11, 0.41, -13.06, 175.76, 168.10, 183.69, 169.24
6.11, 0.42, -11.37, 167.37, 160.13, 175.58, 161.40
6.11, 0.43, -9.77, 160.25, 153.38, 168.70, 154.78
6.11, 0.44, -8.25, 154.30, 147.75, 162.96, 149.26
6.11, 0.45, -6.79, 149.41, 143.14, 158.25, 144.76
6.11, 0.46, -5.37, 145.51, 139.47, 154.52, 141.20
6.11, 0.47, -4.00, 142.54, 136.70, 151.69, 138.52
6.11, 0.48, -2.65, 140.45, 134.77, 149.72, 136.70
6.11, 0.49, -1.32, 139.22, 133.66, 148.59, 135.68
6.11, 0.50, 0.00, 138.82, 133.36, 148.29, 135.47
13.89, 0.10, -1155.05, 24481.39, 24209.63, 24323.07, 24166.22
13.89, 0.11, -879.30, 17044.44, 16848.48, 16944.48, 16808.74
13.89, 0.12, -686.02, 12264.45, 12120.34, 12202.52, 12084.72
13.89, 0.13, -546.31, 9072.41, 8964.81, 9035.91, 8933.19
13.89, 0.14, -442.66, 6870.99, 6789.69, 6851.80, 6761.75
13.89, 0.15, -364.05, 5310.36, 5248.39, 5303.11, 5223.74
13.89, 0.16, -303.27, 4177.36, 4129.84, 4178.44, 4108.08
13.89, 0.17, -255.46, 3337.54, 3300.98, 3344.44, 3281.74
13.89, 0.18, -217.31, 2703.62, 2675.48, 2714.61, 2658.44
13.89, 0.19, -186.44, 2217.31, 2195.70, 2231.14, 2180.56
13.89, 0.20, -161.18, 1838.82, 1822.34, 1854.61, 1808.85
13.89, 0.21, -140.28, 1540.43, 1528.00, 1557.54, 1515.95
13.89, 0.22, -122.82, 1302.45, 1293.23, 1320.41, 1282.44
13.89, 0.23, -108.10, 1110.63, 1103.99, 1129.10, 1094.30
13.89, 0.24, -95.59, 954.55, 949.99, 973.30, 941.26
13.89, 0.25, -84.88, 826.46, 823.57, 845.29, 815.68
13.89, 0.26, -75.63, 720.49, 718.97, 739.29, 711.83
13.89, 0.27, -67.61, 632.22, 631.81, 650.88, 625.31
13.89, 0.28, -60.59, 558.19, 558.69, 576.67, 552.78
13.89, 0.29, -54.43, 495.75, 497.01, 513.99, 491.60
13.89, 0.30, -48.97, 442.81, 444.68, 460.79, 439.73
13.89, 0.31, -44.12, 397.70, 400.08, 415.40, 395.53
13.89, 0.32, -39.79, 359.10, 361.91, 376.53, 357.72
13.89, 0.33, -35.89, 325.97, 329.12, 343.11, 325.25
13.89, 0.34, -32.37, 297.42, 300.87, 314.30, 297.28
13.89, 0.35, -29.18, 272.78, 276.46, 289.39, 273.13
13.89, 0.36, -26.26, 251.47, 255.35, 267.83, 252.25
13.89, 0.37, -23.58, 233.01, 237.07, 249.14, 234.16
13.89, 0.38, -21.11, 217.03, 221.23, 232.94, 218.51
13.89, 0.39, -18.82, 203.21, 207.52, 218.91, 204.96
13.89, 0.40, -16.68, 191.27, 195.68, 206.79, 193.27
13.89, 0.41, -14.68, 181.01, 185.50, 196.36, 183.21
13.89, 0.42, -12.79, 172.23, 176.80, 187.44, 174.62
13.89, 0.43, -10.99, 164.79, 169.42, 179.87, 167.35
13.89, 0.44, -9.28, 158.57, 163.25, 173.54, 161.26
13.89, 0.45, -7.64, 153.46, 158.19, 168.34, 156.27
13.89, 0.46, -6.05, 149.39, 154.15, 164.19, 152.30
13.89, 0.47, -4.50, 146.28, 151.07, 161.04, 149.28
13.89, 0.48, -2.98, 144.09, 148.92, 158.82, 147.17
13.89, 0.49, -1.49, 142.80, 147.64, 157.51, 145.93
13.89, 0.50, 0.00, 142.37, 147.24, 157.09, 145.55
31.62, 0.10, -1213.16, 25598.43, 25500.47, 25633.97, 25415.58
31.62, 0.11, -925.55, 17845.49, 17787.67, 17892.46, 17724.18
31.62, 0.12, -723.44, 12854.00, 12821.59, 12905.61, 12773.73
31.62, 0.13, -577.01, 9516.13, 9500.17, 9568.79, 9463.89
31.62, 0.14, -468.17, 7211.47, 7206.34, 7263.31, 7178.78
31.62, 0.15, -385.46, 5575.97, 5578.06, 5626.04, 5557.15
31.62, 0.16, -321.40, 4387.80, 4394.71, 4435.65, 4378.91
31.62, 0.17, -270.96, 3506.54, 3516.68, 3552.02, 3504.86
31.62, 0.18, -230.64, 2840.95, 2853.23, 2884.06, 2844.55
31.62, 0.19, -198.00, 2330.12, 2343.79, 2370.95, 2337.59
31.62, 0.20, -171.25, 1932.41, 1946.96, 1971.08, 1942.73
31.62, 0.21, -149.11, 1618.76, 1633.83, 1655.44, 1631.19
31.62, 0.22, -130.59, 1358.81, 1379.00, 1398.50, 1382.51
31.62, 0.23, -114.97, 1166.81, 1182.23, 1199.95, 1181.92
31.62, 0.24, -101.69, 1002.64, 1018.02, 1034.22, 1018.56
31.62, 0.25, -90.31, 867.88, 883.14, 898.04, 884.37
31.62, 0.26, -80.49, 755.61, 771.08, 784.86, 773.28
31.62, 0.27, -71.96, 663.48, 678.35, 691.16, 680.63
31.62, 0.28, -64.50, 585.40, 600.12, 612.09, 602.88
31.62, 0.29, -57.94, 519.68, 534.16, 545.39, 537.23
31.62, 0.30, -52.14, 463.95, 478.17, 488.76, 481.51
31.62, 0.31, -46.98, 416.50, 430.45, 440.47, 434.00
31.62, 0.32, -42.36, 376.17, 389.73, 399.24, 393.31
31.62, 0.33, -38.22, 341.12, 354.53, 363.60, 358.33
31.62, 0.34, -34.47, 310.98, 324.21, 332.89, 328.18
31.62, 0.35, -31.07, 285.03, 298.04, 306.38, 302.13
31.62, 0.36, -27.96, 262.59, 275.41, 283.43, 279.57
31.62, 0.37, -25.11, 243.15, 255.78, 263.54, 260.03
31.62, 0.38, -22.48, 226.31, 238.78, 246.29, 243.09
31.62, 0.39, -20.04, 211.74, 224.06, 231.36, 228.42
31.62, 0.40, -17.76, 199.17, 211.34, 218.45, 215.75
31.62, 0.41, -15.63, 188.35, 200.40, 207.35, 204.85
31.62, 0.42, -13.61, 179.10, 191.04, 197.85, 195.52
31.62, 0.43, -11.70, 171.26, 183.11, 189.79, 187.61
31.62, 0.44, -9.88, 164.71, 176.47, 183.05, 180.99
31.62, 0.45, -8.13, 159.32, 171.01, 177.50, 175.56
31.62, 0.46, -6.44, 155.02, 166.66, 173.08, 171.22
31.62, 0.47, -4.79, 151.74, 163.34, 169.71, 167.91
31.62, 0.48, -3.17, 149.44, 161.00, 167.34, 165.59
31.62, 0.49, -1.58, 148.07, 159.62, 165.93, 164.21
31.62, 0.50, -0.00, 147.61, 159.16, 165.47, 163.76
71.97, 0.10, -1254.07, 26593.01, 26620.02, 26709.47, 26583.98
71.97, 0.11, -957.00, 18547.80, 18583.98, 18651.78, 18566.54
71.97, 0.12, -748.12, 13364.37, 13404.36, 13457.32, 13398.71
71.97, 0.13, -596.73, 9896.09, 9937.06, 9979.49, 9939.01
71.97, 0.14, -484.15, 7499.99, 7540.48, 7575.25, 7547.40
71.97, 0.15, -398.61, 5799.37, 5838.59, 5867.62, 5848.73
71.97, 0.16, -332.34, 4563.44, 4601.03, 4625.67, 4613.25
71.97, 0.17, -280.16, 3646.57, 3682.40, 3703.63, 3695.94
71.97, 0.18, -238.45, 2953.98, 2988.04, 3006.56, 3002.38
71.97, 0.19, -204.68, 2422.38, 2454.72, 2471.07, 2469.51
71.97, 0.20, -177.01, 2008.48, 2039.18, 2053.76, 2054.18
71.97, 0.21, -154.10, 1682.06, 1711.24, 1724.36, 1726.28
71.97, 0.22, -134.95, 1421.65, 1449.42, 1461.33, 1464.39
71.97, 0.23, -118.79, 1211.73, 1238.20, 1249.08, 1253.01
71.97, 0.24, -105.06, 1040.89, 1066.17, 1076.18, 1080.79
71.97, 0.25, -93.29, 900.67, 924.85, 934.12, 939.24
71.97, 0.26, -83.13, 784.67, 807.85, 816.48, 821.99
71.97, 0.27, -74.31, 688.02, 710.28, 718.37, 724.17
71.97, 0.28, -66.60, 606.98, 628.40, 636.01, 642.04
71.97, 0.29, -59.82, 538.63, 559.29, 566.47, 572.66
71.97, 0.30, -53.83, 480.66, 500.62, 507.44, 513.76
71.97, 0.31, -48.49, 431.27, 450.60, 457.09, 463.51
71.97, 0.32, -43.73, 389.03, 407.77, 413.98, 420.45
71.97, 0.33, -39.44, 352.65, 370.92, 376.87, 383.44
71.97, 0.34, -35.57, 321.52, 339.25, 344.98, 351.51
71.97, 0.35, -32.06, 294.54, 311.84, 317.37, 323.92
71.97, 0.36, -28.85, 271.22, 288.11, 293.47, 300.02
71.97, 0.37, -25.91, 251.02, 267.56, 272.76, 279.30
71.97, 0.38, -23.19, 233.53, 249.75, 254.81, 261.35
71.97, 0.39, -20.67, 218.41, 234.33, 239.27, 245.79
71.97, 0.40, -18.32, 205.35, 221.01, 225.84, 232.35
71.97, 0.41, -16.12, 194.12, 209.55, 214.29, 220.78
71.97, 0.42, -14.04, 184.51, 199.75, 204.40, 210.88
71.97, 0.43, -12.07, 176.38, 191.44, 196.02, 202.49
71.97, 0.44, -10.19, 169.57, 184.48, 189.00, 195.45
71.97, 0.45, -8.39, 163.98, 178.76, 183.24, 189.68
71.97, 0.46, -6.64, 159.52, 174.20, 178.63, 185.07
71.97, 0.47, -4.94, 156.11, 170.72, 175.12, 181.55
71.97, 0.48, -3.27, 153.72, 168.27, 172.65, 179.07
71.97, 0.49, -1.63, 152.30, 166.82, 171.19, 177.60
71.97, 0.50, 0.00, 151.83, 166.34, 170.70, 177.12
163.79, 0.10, -1276.75, 27291.28, 27383.78, 27431.97, 27423.89
163.79, 0.11, -974.10, 19030.16, 19113.98, 19150.91, 19156.86
163.79, 0.12, -761.32, 13708.06, 13783.75, 13813.02, 13826.82
163.79, 0.13, -607.14, 10147.51, 10215.92, 10239.77, 10257.90
163.79, 0.14, -492.51, 7688.40, 7750.44, 7770.33, 7790.72
163.79, 0.15, -405.40, 5942.78, 5999.28, 6016.21, 6037.66
163.79, 0.16, -337.95, 4674.75, 4726.43, 4741.07, 4762.82
163.79, 0.17, -284.84, 3734.37, 3781.83, 3794.68, 3816.28
163.79, 0.18, -242.39, 3024.13, 3067.93, 3079.35, 3100.55
163.79, 0.19, -208.03, 2479.11, 2519.72, 2529.97, 2550.63
163.79, 0.20, -179.89, 2054.86, 2092.66, 2101.96, 2122.00
163.79, 0.21, -156.58, 1720.37, 1755.70, 1764.20, 1783.59
163.79, 0.22, -137.11, 1453.58, 1486.73, 1494.56, 1513.29
163.79, 0.23, -120.68, 1238.56, 1269.78, 1277.04, 1295.13
163.79, 0.24, -106.71, 1063.62, 1093.11, 1099.89, 1117.36
163.79, 0.25, -94.75, 920.06, 948.02, 954.38, 971.26
163.79, 0.26, -84.43, 801.33, 827.91, 833.91, 850.23
163.79, 0.27, -75.46, 702.43, 727.78, 733.45, 749.26
163.79, 0.28, -67.62, 619.51, 643.76, 649.15, 664.48
163.79, 0.29, -60.74, 549.59, 572.84, 577.99, 592.86
163.79, 0.30, -54.64, 490.30, 512.66, 517.59, 532.05
163.79, 0.31, -49.23, 439.81, 461.36, 466.10, 480.17
163.79, 0.32, -44.39, 396.62, 417.44, 422.00, 435.72
163.79, 0.33, -40.04, 359.54, 379.70, 384.11, 397.49
163.79, 0.34, -36.10, 327.61, 347.17, 351.45, 364.53
163.79, 0.35, -32.54, 300.04, 319.07, 323.23, 336.03
163.79, 0.36, -29.28, 276.23, 294.77, 298.82, 311.37
163.79, 0.37, -26.29, 255.60, 273.71, 277.65, 289.97
163.79, 0.38, -23.53, 237.74, 255.45, 259.31, 271.43
163.79, 0.39, -20.98, 222.28, 239.65, 243.43, 255.36
163.79, 0.40, -18.59, 208.95, 226.01, 229.72, 241.48
163.79, 0.41, -16.36, 197.48, 214.27, 217.92, 229.53
163.79, 0.42, -14.25, 187.68, 204.22, 207.82, 219.30
163.79, 0.43, -12.25, 179.37, 195.71, 199.26, 210.62
163.79, 0.44, -10.34, 172.42, 188.58, 192.09, 203.36
163.79, 0.45, -8.51, 166.71, 182.72, 186.21, 197.39
163.79, 0.46, -6.74, 162.15, 178.05, 181.51, 192.62
163.79, 0.47, -5.01, 158.68, 174.49, 177.92, 188.99
163.79, 0.48, -3.32, 156.24, 171.98, 175.40, 186.43
163.79, 0.49, -1.66, 154.79, 170.49, 173.90, 184.91
163.79, 0.50, -0.00, 154.31, 169.99, 173.41, 184.41
372.76, 0.10, -1287.83, 27685.90, 27812.94, 27843.47, 27903.51
372.76, 0.11, -982.38, 19298.38, 19406.83, 19430.64, 19488.15
372.76, 0.12, -767.67, 13896.59, 13990.44, 14009.67, 14063.57
372.76, 0.13, -612.11, 10283.82, 10366.01, 10382.00, 10432.03
372.76, 0.14, -496.48, 7789.13, 7861.87, 7875.48, 7921.79
372.76, 0.15, -408.63, 6019.53, 6084.48, 6096.28, 6139.11
372.76, 0.16, -340.60, 4733.66, 4792.16, 4802.57, 4842.25
372.76, 0.17, -287.04, 3780.40, 3833.48, 3842.77, 3879.62
372.76, 0.18, -244.24, 3060.68, 3109.16, 3117.56, 3151.87
372.76, 0.19, -209.60, 2508.51, 2553.05, 2560.72, 2592.77
372.76, 0.20, -181.23, 2078.78, 2119.94, 2127.00, 2157.04
372.76, 0.21, -157.74, 1740.04, 1778.27, 1784.80, 1813.04
372.76, 0.22, -138.11, 1469.91, 1505.58, 1511.68, 1538.31
372.76, 0.23, -121.55, 1252.24, 1285.67, 1291.39, 1316.58
372.76, 0.24, -107.48, 1075.17, 1106.62, 1112.01, 1135.92
372.76, 0.25, -95.42, 929.88, 959.59, 964.70, 987.44
372.76, 0.26, -85.02, 809.73, 837.89, 842.75, 864.46
372.76, 0.27, -75.99, 709.67, 736.45, 741.09, 761.86
372.76, 0.28, -68.10, 625.79, 651.34, 655.79, 675.71
372.76, 0.29, -61.16, 555.06, 579.51, 583.78, 602.94
372.76, 0.30, -55.02, 495.11, 518.57, 522.69, 541.15
372.76, 0.31, -49.56, 444.05, 466.62, 470.60, 488.44
372.76, 0.32, -44.69, 400.38, 422.15, 426.01, 443.27
372.76, 0.33, -40.31, 362.90, 383.95, 387.69, 404.44
372.76, 0.34, -36.35, 330.70, 351.09, 354.73, 371.01
372.76, 0.35, -32.75, 302.76, 322.58, 326.14, 342.00
372.76, 0.36, -29.47, 278.67, 297.97, 301.45, 316.93
372.76, 0.37, -26.46, 257.83, 276.65, 280.06, 295.20
372.76, 0.38, -23.69, 239.78, 258.18, 261.52, 276.35
372.76, 0.39, -21.11, 224.17, 242.20, 245.48, 260.03
372.76, 0.40, -18.72, 210.69, 228.39, 231.62, 245.93
372.76, 0.41, -16.47, 199.11, 216.51, 219.70, 233.79
372.76, 0.42, -14.34, 189.20, 206.35, 209.50, 223.40
372.76, 0.43, -12.33, 180.81, 197.73, 200.85, 214.58
372.76, 0.44, -10.41, 173.79, 190.52, 193.61, 207.20
372.76, 0.45, -8.56, 168.03, 184.60, 187.66, 201.14
372.76, 0.46, -6.78, 163.43, 179.87, 182.91, 196.30
372.76, 0.47, -5.04, 159.92, 176.27, 179.29, 192.60
372.76, 0.48, -3.34, 157.45, 173.73, 176.74, 190.00
372.76, 0.49, -1.67, 155.98, 172.22, 175.23, 188.46
372.76, 0.50, 0.00, 155.50, 171.72, 174.73, 187.95
848.34, 0.10, -1292.93, 27875.75, 28010.64, 28029.12, 28127.53
848.34, 0.11, -986.17, 19426.55, 19540.82, 19555.98, 19641.87
848.34, 0.12, -770.58, 13986.18, 14084.45, 14097.26, 14172.83
848.34, 0.13, -614.38, 10348.30, 10433.92, 10445.00, 10512.02
848.34, 0.14, -498.30, 7837.02, 7912.47, 7922.22, 7982.12
848.34, 0.15, -410.10, 6055.40, 6122.55, 6131.28, 6185.20
848.34, 0.16, -341.79, 4761.08, 4821.41, 4829.31, 4878.22
848.34, 0.17, -288.03, 3801.80, 3856.39, 3863.61, 3908.24
848.34, 0.18, -245.07, 3077.62, 3127.37, 3134.04, 3174.98
848.34, 0.19, -210.30, 2522.09, 2567.73, 2573.92, 2611.70
848.34, 0.20, -181.83, 2089.80, 2131.90, 2137.69, 2172.73
848.34, 0.21, -158.26, 1749.07, 1788.12, 1793.55, 1826.20
848.34, 0.22, -138.56, 1477.39, 1513.78, 1518.91, 1549.46
848.34, 0.23, -121.94, 1258.48, 1292.55, 1297.42, 1326.12
848.34, 0.24, -107.82, 1080.43, 1112.45, 1117.09, 1144.15
848.34, 0.25, -95.72, 934.35, 964.57, 969.00, 994.62
848.34, 0.26, -85.29, 813.56, 842.18, 846.43, 870.75
848.34, 0.27, -76.23, 713.16, 740.34, 744.41, 767.57
848.34, 0.28, -68.31, 628.83, 654.74, 658.66, 680.80
848.34, 0.29, -61.35, 557.73, 582.50, 586.30, 607.50
848.34, 0.30, -55.19, 497.46, 521.22, 524.90, 545.27
848.34, 0.31, -49.72, 446.13, 468.98, 472.55, 492.18
848.34, 0.32, -44.83, 402.23, 424.26, 427.74, 446.70
848.34, 0.33, -40.43, 364.55, 385.85, 389.24, 407.59
848.34, 0.34, -36.46, 332.11, 352.75, 356.05, 373.86
848.34, 0.35, -32.85, 304.04, 324.09, 327.33, 344.65
848.34, 0.36, -29.56, 279.83, 299.35, 302.53, 319.40
848.34, 0.37, -26.54, 258.88, 277.92, 281.04, 297.52
848.34, 0.38, -23.76, 240.75, 259.36, 262.42, 278.54
848.34, 0.39, -21.18, 225.06, 243.29, 246.31, 262.11
848.34, 0.40, -18.77, 211.53, 229.41, 232.39, 247.91
848.34, 0.41, -16.51, 199.89, 217.47, 220.41, 235.68
848.34, 0.42, -14.39, 189.94, 207.26, 210.17, 225.22
848.34, 0.43, -12.37, 181.51, 198.60, 201.48, 216.34
848.34, 0.44, -10.44, 174.45, 191.35, 194.21, 208.91
848.34, 0.45, -8.59, 168.66, 185.40, 188.24, 202.80
848.34, 0.46, -6.80, 164.04, 180.65, 183.47, 197.93
848.34, 0.47, -5.06, 160.52, 177.03, 179.83, 194.21
848.34, 0.48, -3.35, 158.04, 174.48, 177.27, 191.59
848.34, 0.49, -1.67, 156.57, 172.96, 175.75, 190.03
848.34, 0.50, 0.00, 156.08, 172.46, 175.25, 189.52
1930.70, 0.10, -1295.22, 27964.29, 28103.55, 28117.42, 28232.76
1930.70, 0.11, -987.88, 19486.09, 19603.53, 19615.35, 19713.79
1930.70, 0.12, -771.87, 14027.65, 14128.31, 14138.61, 14223.77
1930.70, 0.13, -615.42, 10378.69, 10466.11, 10475.25, 10549.75
1930.70, 0.14, -499.11, 7859.07, 7935.95, 7944.18, 8010.09
1930.70, 0.15, -410.75, 6071.87, 6140.18, 6147.68, 6206.53
1930.70, 0.16, -342.31, 4773.30, 4834.60, 4841.50, 4894.53
1930.70, 0.17, -288.46, 3811.30, 3866.70, 3873.09, 3921.18
1930.70, 0.18, -245.43, 3085.11, 3135.55, 3141.51, 3185.42
1930.70, 0.19, -210.61, 2528.08, 2574.30, 2579.89, 2620.23
1930.70, 0.20, -182.12, 2095.30, 2137.83, 2143.08, 2180.31
1930.70, 0.21, -158.50, 1753.61, 1793.02, 1797.99, 1832.56
1930.70, 0.22, -138.77, 1481.16, 1517.87, 1522.60, 1554.85
1930.70, 0.23, -122.13, 1261.66, 1296.00, 1300.51, 1330.74
1930.70, 0.24, -107.98, 1083.12, 1115.39, 1119.70, 1148.15
1930.70, 0.25, -95.87, 936.65, 967.09, 971.23, 998.10
1930.70, 0.26, -85.42, 815.54, 844.36, 848.34, 873.81
1930.70, 0.27, -76.34, 714.69, 742.06, 745.91, 770.13
1930.70, 0.28, -68.41, 630.15, 656.25, 659.96, 683.08
1930.70, 0.29, -61.43, 558.88, 583.83, 587.43, 609.55
1930.70, 0.30, -55.27, 498.47, 522.39, 525.89, 547.12
1930.70, 0.31, -49.79, 447.03, 470.02, 473.43, 493.86
1930.70, 0.32, -44.89, 403.04, 425.21, 428.52, 448.24
1930.70, 0.33, -40.49, 365.29, 386.71, 389.95, 409.01
1930.70, 0.34, -36.51, 332.67, 353.44, 356.61, 375.10
1930.70, 0.35, -32.90, 304.61, 324.78, 327.89, 345.86
1930.70, 0.36, -29.60, 280.35, 299.98, 303.03, 320.53
1930.70, 0.37, -26.58, 259.36, 278.50, 281.50, 298.57
1930.70, 0.38, -23.79, 241.19, 259.89, 262.84, 279.54
1930.70, 0.39, -21.20, 225.47, 243.79, 246.70, 263.05
1930.70, 0.40, -18.79, 211.90, 229.88, 232.75, 248.81
1930.70, 0.41, -16.53, 200.24, 217.91, 220.75, 236.54
1930.70, 0.42, -14.40, 190.27, 207.68, 210.48, 226.04
1930.70, 0.43, -12.38, 181.82, 199.00, 201.78, 217.14
1930.70, 0.44, -10.45, 174.75, 191.74, 194.49, 209.68
1930.70, 0.45, -8.60, 168.95, 185.77, 188.51, 203.56
1930.70, 0.46, -6.81, 164.32, 181.01, 183.73, 198.67
1930.70, 0.47, -5.06, 160.79, 177.38, 180.09, 194.94
1930.70, 0.48, -3.36, 158.30, 174.82, 177.53, 192.31
1930.70, 0.49, -1.67, 156.83, 173.30, 176.00, 190.75
1930.70, 0.50, 0.00, 156.34, 172.80, 175.50, 190.23
4393.97, 0.10, -1296.23, 28004.22, 28145.59, 28157.56, 28280.36
4393.97, 0.11, -988.63, 19512.89, 19631.86, 19642.29, 19746.26
4393.97, 0.12, -772.46, 14046.64, 14148.41, 14157.67, 14247.04
4393.97, 0.13, -615.80, 10389.95, 10478.37, 10486.72, 10564.64
4393.97, 0.14, -499.47, 7868.95, 7946.52, 7954.10, 8022.67
4393.97, 0.15, -411.01, 6078.64, 6147.53, 6154.52, 6215.58
4393.97, 0.16, -342.59, 4780.15, 4841.80, 4848.26, 4903.01
4393.97, 0.17, -288.69, 3816.71, 3872.39, 3878.41, 3927.96
4393.97, 0.18, -245.63, 3089.46, 3140.12, 3145.76, 3190.92
4393.97, 0.19, -210.78, 2531.62, 2578.02, 2583.34, 2624.75
4393.97, 0.20, -182.23, 2097.56, 2140.31, 2145.35, 2183.55
4393.97, 0.21, -158.61, 1755.46, 1795.07, 1799.85, 1835.28
4393.97, 0.22, -138.86, 1482.70, 1519.58, 1524.13, 1557.15
4393.97, 0.23, -122.21, 1262.95, 1297.44, 1301.79, 1332.71
4393.97, 0.24, -108.05, 1084.21, 1116.61, 1120.78, 1149.85
4393.97, 0.25, -95.93, 937.59, 968.14, 972.16, 999.59
4393.97, 0.26, -85.47, 816.38, 845.29, 849.16, 875.14
4393.97, 0.27, -76.39, 715.44, 742.90, 746.64, 771.33
4393.97, 0.28, -68.45, 630.83, 657.00, 660.62, 684.16
4393.97, 0.29, -61.47, 559.50, 584.51, 588.02, 610.53
4393.97, 0.30, -55.29, 498.67, 522.70, 526.13, 547.77
4393.97, 0.31, -49.81, 447.20, 470.30, 473.65, 494.45
4393.97, 0.32, -44.91, 403.19, 425.45, 428.71, 448.78
4393.97, 0.33, -40.50, 365.41, 386.92, 390.11, 409.51
4393.97, 0.34, -36.53, 332.99, 353.81, 356.92, 375.71
4393.97, 0.35, -32.92, 304.89, 325.11, 328.16, 346.41
4393.97, 0.36, -29.62, 280.60, 300.28, 303.27, 321.04
4393.97, 0.37, -26.59, 259.58, 278.77, 281.71, 299.05
4393.97, 0.38, -23.80, 241.38, 260.14, 263.04, 279.98
4393.97, 0.39, -21.22, 225.65, 244.01, 246.87, 263.47
4393.97, 0.40, -18.81, 212.07, 230.09, 232.91, 249.21
4393.97, 0.41, -16.54, 200.39, 218.11, 220.90, 236.92
4393.97, 0.42, -14.41, 190.41, 207.86, 210.63, 226.41
4393.97, 0.43, -12.39, 181.96, 199.18, 201.91, 217.50
4393.97, 0.44, -10.46, 174.88, 191.91, 194.62, 210.03
4393.97, 0.45, -8.60, 169.07, 185.93, 188.63, 203.89
4393.97, 0.46, -6.81, 164.44, 181.17, 183.85, 199.00
4393.97, 0.47, -5.07, 160.91, 177.53, 180.21, 195.26
4393.97, 0.48, -3.36, 158.42, 174.97, 177.64, 192.63
4393.97, 0.49, -1.67, 156.94, 173.45, 176.11, 191.07
4393.97, 0.50, 0.00, 156.45, 172.95, 175.61, 190.55
10000.00, 0.10, -1297.06, 28036.96, 28180.01, 28190.56, 28319.16
10000.00, 0.11, -989.27, 19535.62, 19655.77, 19665.14, 19773.40
10000.00, 0.12, -772.98, 14063.60, 14166.19, 14174.64, 14267.23
10000.00, 0.13, -616.15, 10400.60, 10489.72, 10497.46, 10577.98
10000.00, 0.14, -499.75, 7876.79, 7954.90, 7962.00, 8032.66
10000.00, 0.15, -411.20, 6083.42, 6152.83, 6159.44, 6222.27
10000.00, 0.16, -342.78, 4784.63, 4846.63, 4852.77, 4908.94
10000.00, 0.17, -288.85, 3820.19, 3876.17, 3881.92, 3932.66
10000.00, 0.18, -245.76, 3092.21, 3143.12, 3148.54, 3194.71
10000.00, 0.19, -210.89, 2533.85, 2580.45, 2585.58, 2627.87
10000.00, 0.20, -182.33, 2099.47, 2142.39, 2147.25, 2186.21
10000.00, 0.21, -158.69, 1757.12, 1796.86, 1801.49, 1837.58
10000.00, 0.22, -138.94, 1484.15, 1521.14, 1525.56, 1559.16
10000.00, 0.23, -122.28, 1264.23, 1298.81, 1303.04, 1334.47
10000.00, 0.24, -108.12, 1085.35, 1117.82, 1121.88, 1151.41
10000.00, 0.25, -95.95, 937.76, 968.48, 972.43, 1000.34
10000.00, 0.26, -85.49, 816.49, 845.56, 849.37, 875.80
10000.00, 0.27, -76.41, 715.51, 743.12, 746.80, 771.90
10000.00, 0.28, -68.47, 630.87, 657.17, 660.74, 684.67
10000.00, 0.29, -61.49, 559.51, 584.64, 588.11, 610.98
10000.00, 0.30, -55.32, 499.02, 523.12, 526.49, 548.42
10000.00, 0.31, -49.83, 447.52, 470.67, 473.96, 495.04
10000.00, 0.32, -44.93, 403.46, 425.78, 428.99, 449.32
10000.00, 0.33, -40.52, 365.66, 387.22, 390.35, 410.00
10000.00, 0.34, -36.55, 333.36, 354.19, 357.25, 376.26
10000.00, 0.35, -32.93, 305.23, 325.46, 328.46, 346.92
10000.00, 0.36, -29.64, 280.92, 300.61, 303.55, 321.52
10000.00, 0.37, -26.61, 259.87, 279.07, 281.97, 299.50
10000.00, 0.38, -23.82, 241.66, 260.42, 263.27, 280.41
10000.00, 0.39, -21.23, 225.90, 244.28, 247.09, 263.87
10000.00, 0.40, -18.82, 212.31, 230.34, 233.12, 249.59
10000.00, 0.41, -16.55, 200.62, 218.34, 221.09, 237.29
10000.00, 0.42, -14.42, 190.63, 208.09, 210.81, 226.76
10000.00, 0.43, -12.40, 182.16, 199.39, 202.09, 217.83
10000.00, 0.44, -10.46, 175.08, 192.11, 194.79, 210.35
10000.00, 0.45, -8.61, 169.26, 186.13, 188.79, 204.21
10000.00, 0.46, -6.82, 164.62, 181.36, 184.00, 199.30
10000.00, 0.47, -5.07, 161.08, 177.72, 180.35, 195.56
10000.00, 0.48, -3.36, 158.59, 175.16, 177.79, 192.93
10000.00, 0.49, -1.67, 157.11, 173.64, 176.26, 191.36
10000.00, 0.50, 0.00, 156.62, 173.13, 175.75, 190.84
